   0.0000000e+00   3.6781756e-05
   1.2207031e-02   1.6094999e-04
   2.4414062e-02   8.9953567e-05
   3.6621094e-02   1.4683845e-04
   4.8828125e-02   1.1928805e-04
   6.1035156e-02   3.4928009e-04
   7.3242188e-02   5.9172086e-04
   8.5449219e-02   7.9850297e-04
   9.7656250e-02   7.0651324e-04
   1.0986328e-01   7.3165353e-04
   1.2207031e-01   1.1468406e-03
   1.3427734e-01   8.3392913e-04
   1.4648438e-01   2.5270077e-03
   1.5869141e-01   1.0427729e-02
   1.7089844e-01   7.1050316e-02
   1.8310547e-01   3.5769270e-01
   1.9531250e-01   1.5427535e-01
   2.0751953e-01   6.0276457e-03
   2.1972656e-01   1.3938200e-03
   2.3193359e-01   1.8214070e-04
   2.4414062e-01   3.5058032e-04
   2.5634766e-01   1.6150129e-03
   2.6855469e-01   3.2475254e-03
   2.8076172e-01   1.3773957e-02
   2.9296875e-01   4.3004554e-03
   3.0517578e-01   1.3528944e-04
   3.1738281e-01   5.7049573e-06
   3.2958984e-01   7.5886396e-07
   3.4179688e-01   1.2265543e-07
   3.5400391e-01   1.0703116e-06
   3.6621094e-01   5.9542769e-07
   3.7841797e-01   2.1580301e-06
   3.9062500e-01   3.0541042e-06
   4.0283203e-01   6.5854892e-07
   4.1503906e-01   1.0601456e-06
   4.2724609e-01   1.2698944e-06
   4.3945312e-01   7.3167671e-07
   4.5166016e-01   5.2267295e-07
   4.6386719e-01   3.4323830e-07
   4.7607422e-01   9.5752743e-07
   4.8828125e-01   1.5607080e-06
   5.0048828e-01   1.0102810e-06
   5.1269531e-01   1.5861762e-06
   5.2490234e-01   1.0698730e-05
   5.3710938e-01   3.3977344e-05
   5.4931641e-01   4.0998911e-05
   5.6152344e-01   3.2558444e-05
   5.7373047e-01   1.4139405e-05
   5.8593750e-01   7.0571580e-06
   5.9814453e-01   1.4347791e-06
   6.1035156e-01   2.8161819e-06
   6.2255859e-01   2.5657173e-06
   6.3476562e-01   1.8838703e-06
   6.4697266e-01   6.4687235e-06
   6.5917969e-01   3.2923552e-06
   6.7138672e-01   8.4254211e-07
   6.8359375e-01   5.3691641e-07
   6.9580078e-01   4.9620678e-07
   7.0800781e-01   4.0561497e-07
   7.2021484e-01   3.8998071e-07
   7.3242188e-01   6.1860077e-07
   7.4462891e-01   1.0431305e-06
   7.5683594e-01   4.1531931e-07
   7.6904297e-01   2.4815134e-07
   7.8125000e-01   3.8488222e-07
   7.9345703e-01   3.8076970e-07
   8.0566406e-01   2.2974124e-07
   8.1787109e-01   2.8370341e-07
   8.3007812e-01   1.9550635e-07
   8.4228516e-01   3.1895909e-07
   8.5449219e-01   1.1083083e-07
   8.6669922e-01   1.8190391e-07
   8.7890625e-01   2.1076812e-07
   8.9111328e-01   3.1186109e-07
   9.0332031e-01   2.9466031e-07
   9.1552734e-01   2.9234968e-07
   9.2773438e-01   2.9446579e-07
   9.3994141e-01   3.5617548e-07
   9.5214844e-01   1.4025192e-07
   9.6435547e-01   2.2096422e-07
   9.7656250e-01   2.3597444e-07
   9.8876953e-01   2.6474828e-07
   1.0009766e+00   1.4831884e-07
   1.0131836e+00   9.7733649e-08
   1.0253906e+00   1.9751567e-07
   1.0375977e+00   1.6437673e-07
   1.0498047e+00   1.3156928e-07
   1.0620117e+00   1.4594750e-08
   1.0742188e+00   1.1536343e-08
   1.0864258e+00   3.1344857e-08
   1.0986328e+00   9.8065340e-08
   1.1108398e+00   7.7372942e-08
   1.1230469e+00   5.2023242e-08
   1.1352539e+00   5.3803636e-08
   1.1474609e+00   4.5822035e-08
   1.1596680e+00   2.3011855e-08
   1.1718750e+00   4.6893026e-08
   1.1840820e+00   6.0888511e-08
   1.1962891e+00   1.6952082e-08
   1.2084961e+00   7.9039495e-08
   1.2207031e+00   2.3225376e-08
   1.2329102e+00   4.4292488e-08
   1.2451172e+00   3.4431061e-08
   1.2573242e+00   1.6551983e-08
   1.2695312e+00   6.6009852e-09
   1.2817383e+00   1.2381921e-08
   1.2939453e+00   2.2933594e-08
   1.3061523e+00   3.4800504e-08
   1.3183594e+00   3.0414664e-08
   1.3305664e+00   9.2497456e-09
   1.3427734e+00   1.0349691e-08
   1.3549805e+00   8.6066410e-09
   1.3671875e+00   1.2209746e-08
   1.3793945e+00   2.4366792e-08
   1.3916016e+00   2.4804997e-08
   1.4038086e+00   2.6335641e-08
   1.4160156e+00   3.4753044e-08
   1.4282227e+00   2.3854473e-08
   1.4404297e+00   7.5646099e-09
   1.4526367e+00   2.7833117e-08
   1.4648438e+00   2.1346137e-08
   1.4770508e+00   1.3997494e-08
   1.4892578e+00   2.9163627e-08
   1.5014648e+00   1.8769339e-08
   1.5136719e+00   7.5936095e-09
   1.5258789e+00   8.1338333e-09
   1.5380859e+00   1.3867331e-08
   1.5502930e+00   1.4213481e-08
   1.5625000e+00   1.0979288e-08
   1.5747070e+00   6.3889303e-09
   1.5869141e+00   6.0603176e-09
   1.5991211e+00   7.1277145e-09
   1.6113281e+00   1.6509894e-08
   1.6235352e+00   7.0364188e-09
   1.6357422e+00   7.3106020e-10
   1.6479492e+00   3.5041767e-09
   1.6601562e+00   8.7511452e-09
   1.6723633e+00   1.0764939e-08
   1.6845703e+00   1.5260327e-08
   1.6967773e+00   1.3107071e-08
   1.7089844e+00   6.0427663e-09
   1.7211914e+00   7.9866936e-09
   1.7333984e+00   5.2770942e-09
   1.7456055e+00   3.4312418e-09
   1.7578125e+00   3.5893200e-09
   1.7700195e+00   6.9672411e-09
   1.7822266e+00   2.6792195e-09
   1.7944336e+00   8.6575503e-09
   1.8066406e+00   7.6715128e-09
   1.8188477e+00   7.7721017e-09
   1.8310547e+00   4.8117775e-09
   1.8432617e+00   4.7792796e-09
   1.8554688e+00   3.3991598e-09
   1.8676758e+00   4.1851072e-09
   1.8798828e+00   4.9451161e-09
   1.8920898e+00   2.3687460e-09
   1.9042969e+00   2.1140037e-09
   1.9165039e+00   5.1765625e-09
   1.9287109e+00   5.0564815e-09
   1.9409180e+00   2.1514658e-09
   1.9531250e+00   3.1042808e-09
   1.9653320e+00   3.1270313e-09
   1.9775391e+00   1.4716517e-09
   1.9897461e+00   3.3831174e-09
   2.0019531e+00   3.1362273e-09
   2.0141602e+00   1.9860077e-09
   2.0263672e+00   1.7710865e-09
   2.0385742e+00   1.3244825e-09
   2.0507812e+00   2.6159704e-09
   2.0629883e+00   4.5196721e-09
   2.0751953e+00   2.9489168e-09
   2.0874023e+00   2.0490953e-09
   2.0996094e+00   1.3859670e-09
   2.1118164e+00   2.9968191e-09
   2.1240234e+00   5.0659197e-09
   2.1362305e+00   3.1212157e-09
   2.1484375e+00   2.6761212e-09
   2.1606445e+00   1.9051171e-09
   2.1728516e+00   1.1106961e-09
   2.1850586e+00   9.7926500e-10
   2.1972656e+00   9.7716956e-10
   2.2094727e+00   1.1554023e-09
   2.2216797e+00   9.7055407e-10
   2.2338867e+00   7.7891360e-10
   2.2460938e+00   1.4711413e-09
   2.2583008e+00   3.3410978e-09
   2.2705078e+00   4.1086033e-09
   2.2827148e+00   2.4585674e-09
   2.2949219e+00   1.4827578e-09
   2.3071289e+00   8.5612761e-10
   2.3193359e+00   1.4904829e-09
   2.3315430e+00   2.3085082e-09
   2.3437500e+00   2.4305640e-09
   2.3559570e+00   1.9773140e-09
   2.3681641e+00   1.7525938e-09
   2.3803711e+00   2.1169869e-09
   2.3925781e+00   1.8677188e-09
   2.4047852e+00   5.6786131e-10
   2.4169922e+00   8.7513403e-10
   2.4291992e+00   9.8869960e-10
   2.4414062e+00   7.2368120e-10
   2.4536133e+00   8.4772552e-10
   2.4658203e+00   1.1407486e-09
   2.4780273e+00   2.9438319e-10
   2.4902344e+00   7.2493752e-10
   2.5024414e+00   1.8811154e-09
   2.5146484e+00   1.7234536e-09
   2.5268555e+00   2.3970064e-09
   2.5390625e+00   2.2543880e-09
   2.5512695e+00   1.4419682e-09
   2.5634766e+00   1.2556350e-09
   2.5756836e+00   1.2625444e-09
   2.5878906e+00   9.5762043e-10
   2.6000977e+00   7.0735147e-10
   2.6123047e+00   3.2554537e-10
   2.6245117e+00   3.8595798e-10
   2.6367188e+00   8.9457615e-10
   2.6489258e+00   1.8390594e-09
   2.6611328e+00   1.6979301e-09
   2.6733398e+00   1.1943284e-09
   2.6855469e+00   1.0551870e-09
   2.6977539e+00   1.1825838e-09
   2.7099609e+00   9.9625033e-10
   2.7221680e+00   6.4382587e-10
   2.7343750e+00   2.9496354e-10
   2.7465820e+00   1.3732544e-10
   2.7587891e+00   2.2854428e-10
   2.7709961e+00   4.3593640e-10
   2.7832031e+00   6.3678600e-10
   2.7954102e+00   8.4109632e-10
   2.8076172e+00   5.7528438e-10
   2.8198242e+00   4.6861021e-10
   2.8320312e+00   7.9923125e-10
   2.8442383e+00   8.6380771e-10
   2.8564453e+00   5.8935379e-10
   2.8686523e+00   8.0297417e-10
   2.8808594e+00   5.9274899e-10
   2.8930664e+00   4.9034741e-10
   2.9052734e+00   9.7207315e-10
   2.9174805e+00   7.4571472e-10
   2.9296875e+00   5.4180851e-10
   2.9418945e+00   6.8145167e-10
   2.9541016e+00   9.6490834e-10
   2.9663086e+00   1.2206881e-09
   2.9785156e+00   7.2265988e-10
   2.9907227e+00   3.6419759e-10
   3.0029297e+00   5.5000218e-10
   3.0151367e+00   8.2230700e-10
   3.0273438e+00   9.3577893e-10
   3.0395508e+00   9.3235370e-10
   3.0517578e+00   7.4299798e-10
   3.0639648e+00   5.8209943e-10
   3.0761719e+00   6.1418983e-10
   3.0883789e+00   6.4206383e-10
   3.1005859e+00   6.2834120e-10
   3.1127930e+00   6.2189370e-10
   3.1250000e+00   5.9986906e-10
   3.1372070e+00   5.9527487e-10
   3.1494141e+00   4.3796231e-10
   3.1616211e+00   4.5140785e-10
   3.1738281e+00   4.6684747e-10
   3.1860352e+00   3.9785884e-10
   3.1982422e+00   5.8809952e-10
   3.2104492e+00   5.2948931e-10
   3.2226562e+00   4.8968074e-10
   3.2348633e+00   6.2300613e-10
   3.2470703e+00   7.7110259e-10
   3.2592773e+00   5.5839452e-10
   3.2714844e+00   4.6201717e-10
   3.2836914e+00   4.9325811e-10
   3.2958984e+00   3.9964892e-10
   3.3081055e+00   5.6643275e-10
   3.3203125e+00   7.3287855e-10
   3.3325195e+00   4.6380906e-10
   3.3447266e+00   3.5214775e-10
   3.3569336e+00   3.4045593e-10
   3.3691406e+00   3.0190964e-10
   3.3813477e+00   3.1476256e-10
   3.3935547e+00   3.5634392e-10
   3.4057617e+00   4.1574433e-10
   3.4179688e+00   4.9746613e-10
   3.4301758e+00   4.0953690e-10
   3.4423828e+00   3.3662087e-10
   3.4545898e+00   3.5992345e-10
   3.4667969e+00   4.6874296e-10
   3.4790039e+00   4.2001284e-10
   3.4912109e+00   4.1496048e-10
   3.5034180e+00   4.1201018e-10
   3.5156250e+00   3.5188514e-10
   3.5278320e+00   3.6595636e-10
   3.5400391e+00   4.4464561e-10
   3.5522461e+00   5.1318412e-10
   3.5644531e+00   4.9982798e-10
   3.5766602e+00   4.1683948e-10
   3.5888672e+00   4.2382363e-10
   3.6010742e+00   4.4404476e-10
   3.6132812e+00   4.8113742e-10
   3.6254883e+00   4.3570645e-10
   3.6376953e+00   3.5001929e-10
   3.6499023e+00   4.5910030e-10
   3.6621094e+00   4.4598998e-10
   3.6743164e+00   2.8211364e-10
   3.6865234e+00   2.2215337e-10
   3.6987305e+00   2.6191578e-10
   3.7109375e+00   3.1370823e-10
   3.7231445e+00   3.9797011e-10
   3.7353516e+00   4.1933289e-10
   3.7475586e+00   2.8808127e-10
   3.7597656e+00   2.6767127e-10
   3.7719727e+00   3.7619626e-10
   3.7841797e+00   3.8363906e-10
   3.7963867e+00   3.7013926e-10
   3.8085938e+00   3.5798226e-10
   3.8208008e+00   3.4985846e-10
   3.8330078e+00   3.7331185e-10
   3.8452148e+00   3.1972325e-10
   3.8574219e+00   3.2598353e-10
   3.8696289e+00   4.2848945e-10
   3.8818359e+00   4.6796430e-10
   3.8940430e+00   4.3654333e-10
   3.9062500e+00   3.6199550e-10
   3.9184570e+00   2.9933608e-10
   3.9306641e+00   2.8582874e-10
   3.9428711e+00   3.1970593e-10
   3.9550781e+00   3.4620790e-10
   3.9672852e+00   3.2983212e-10
   3.9794922e+00   2.9743093e-10
   3.9916992e+00   2.7522805e-10
   4.0039062e+00   3.0717172e-10
   4.0161133e+00   3.8807292e-10
   4.0283203e+00   4.0050758e-10
   4.0405273e+00   3.0852063e-10
   4.0527344e+00   2.8443680e-10
   4.0649414e+00   3.2512297e-10
   4.0771484e+00   3.0489694e-10
   4.0893555e+00   2.9876135e-10
   4.1015625e+00   2.7067348e-10
   4.1137695e+00   2.9737505e-10
   4.1259766e+00   3.4277224e-10
   4.1381836e+00   3.8606374e-10
   4.1503906e+00   3.2881383e-10
   4.1625977e+00   2.4405190e-10
   4.1748047e+00   2.9338107e-10
   4.1870117e+00   3.5513257e-10
   4.1992188e+00   3.3981418e-10
   4.2114258e+00   3.0350132e-10
   4.2236328e+00   2.7599915e-10
   4.2358398e+00   2.7691189e-10
   4.2480469e+00   2.6888030e-10
   4.2602539e+00   2.7618134e-10
   4.2724609e+00   2.7995005e-10
   4.2846680e+00   2.5658979e-10
   4.2968750e+00   2.2220422e-10
   4.3090820e+00   2.1595688e-10
   4.3212891e+00   2.1136656e-10
   4.3334961e+00   2.2790125e-10
   4.3457031e+00   2.7294007e-10
   4.3579102e+00   2.7752000e-10
   4.3701172e+00   2.0010371e-10
   4.3823242e+00   2.1241675e-10
   4.3945312e+00   2.5818412e-10
   4.4067383e+00   2.8649223e-10
   4.4189453e+00   2.8763789e-10
   4.4311523e+00   2.5657672e-10
   4.4433594e+00   2.3679197e-10
   4.4555664e+00   2.5958344e-10
   4.4677734e+00   2.6157564e-10
   4.4799805e+00   2.1616812e-10
   4.4921875e+00   2.2748546e-10
   4.5043945e+00   2.1832909e-10
   4.5166016e+00   2.3599337e-10
   4.5288086e+00   2.7486009e-10
   4.5410156e+00   2.5393499e-10
   4.5532227e+00   2.1392488e-10
   4.5654297e+00   2.0332810e-10
   4.5776367e+00   2.4912692e-10
   4.5898438e+00   2.6316585e-10
   4.6020508e+00   2.4354469e-10
   4.6142578e+00   2.2593603e-10
   4.6264648e+00   1.9335456e-10
   4.6386719e+00   2.1459019e-10
   4.6508789e+00   2.8402357e-10
   4.6630859e+00   3.1196099e-10
   4.6752930e+00   2.5533036e-10
   4.6875000e+00   2.2029212e-10
   4.6997070e+00   2.1013400e-10
   4.7119141e+00   2.5244879e-10
   4.7241211e+00   2.6397640e-10
   4.7363281e+00   2.4821635e-10
   4.7485352e+00   2.1304368e-10
   4.7607422e+00   2.1159581e-10
   4.7729492e+00   2.2467478e-10
   4.7851562e+00   2.2167638e-10
   4.7973633e+00   2.3420204e-10
   4.8095703e+00   2.3811443e-10
   4.8217773e+00   1.8448483e-10
   4.8339844e+00   1.8369757e-10
   4.8461914e+00   2.5276766e-10
   4.8583984e+00   2.7730113e-10
   4.8706055e+00   2.3937362e-10
   4.8828125e+00   2.2659809e-10
   4.8950195e+00   2.0099145e-10
   4.9072266e+00   1.8883471e-10
   4.9194336e+00   2.1522999e-10
   4.9316406e+00   2.1809092e-10
   4.9438477e+00   2.0320274e-10
   4.9560547e+00   1.9019912e-10
   4.9682617e+00   1.8455773e-10
   4.9804688e+00   2.0754217e-10
   4.9926758e+00   2.0520798e-10
   5.0048828e+00   1.9621652e-10
   5.0170898e+00   2.0692671e-10
   5.0292969e+00   1.9563460e-10
   5.0415039e+00   1.9522253e-10
   5.0537109e+00   2.3796361e-10
   5.0659180e+00   2.2567472e-10
   5.0781250e+00   1.7088972e-10
   5.0903320e+00   1.6074413e-10
   5.1025391e+00   1.8569876e-10
   5.1147461e+00   2.1813938e-10
   5.1269531e+00   1.9510139e-10
   5.1391602e+00   1.7031531e-10
   5.1513672e+00   1.7407709e-10
   5.1635742e+00   1.8384808e-10
   5.1757812e+00   1.8705937e-10
   5.1879883e+00   1.8275844e-10
   5.2001953e+00   1.8765073e-10
   5.2124023e+00   1.8665404e-10
   5.2246094e+00   1.8454791e-10
   5.2368164e+00   2.1626108e-10
   5.2490234e+00   2.3485964e-10
   5.2612305e+00   2.0361199e-10
   5.2734375e+00   1.6740117e-10
   5.2856445e+00   1.6015631e-10
   5.2978516e+00   1.5005029e-10
   5.3100586e+00   1.7644112e-10
   5.3222656e+00   1.7962771e-10
   5.3344727e+00   1.5917395e-10
   5.3466797e+00   1.6242749e-10
   5.3588867e+00   1.7501327e-10
   5.3710938e+00   1.7640464e-10
   5.3833008e+00   1.6769443e-10
   5.3955078e+00   1.6870408e-10
   5.4077148e+00   1.7927776e-10
   5.4199219e+00   1.7839945e-10
   5.4321289e+00   1.8272829e-10
   5.4443359e+00   1.8569748e-10
   5.4565430e+00   1.5974252e-10
   5.4687500e+00   1.2781502e-10
   5.4809570e+00   1.3380685e-10
   5.4931641e+00   1.2843117e-10
   5.5053711e+00   1.4252181e-10
   5.5175781e+00   2.0046613e-10
   5.5297852e+00   1.9326556e-10
   5.5419922e+00   1.3567032e-10
   5.5541992e+00   1.4101796e-10
   5.5664062e+00   1.7124021e-10
   5.5786133e+00   1.8538666e-10
   5.5908203e+00   1.5864941e-10
   5.6030273e+00   1.4468443e-10
   5.6152344e+00   1.5628513e-10
   5.6274414e+00   1.6375102e-10
   5.6396484e+00   1.5556897e-10
   5.6518555e+00   1.5884080e-10
   5.6640625e+00   1.5174799e-10
   5.6762695e+00   1.3400310e-10
   5.6884766e+00   1.3420681e-10
   5.7006836e+00   1.3445119e-10
   5.7128906e+00   1.3009412e-10
   5.7250977e+00   1.3469828e-10
   5.7373047e+00   1.5320206e-10
   5.7495117e+00   1.5942468e-10
   5.7617188e+00   1.7802394e-10
   5.7739258e+00   1.7816468e-10
   5.7861328e+00   1.4201065e-10
   5.7983398e+00   1.3740594e-10
   5.8105469e+00   1.6906926e-10
   5.8227539e+00   1.8031787e-10
   5.8349609e+00   1.7696203e-10
   5.8471680e+00   1.5146871e-10
   5.8593750e+00   1.4535551e-10
   5.8715820e+00   1.4064585e-10
   5.8837891e+00   1.4325346e-10
   5.8959961e+00   1.4821852e-10
   5.9082031e+00   1.4002551e-10
   5.9204102e+00   1.4621361e-10
   5.9326172e+00   1.4713872e-10
   5.9448242e+00   1.3135041e-10
   5.9570312e+00   1.1644582e-10
   5.9692383e+00   1.0105428e-10
   5.9814453e+00   1.0968105e-10
   5.9936523e+00   1.4324759e-10
   6.0058594e+00   1.6800243e-10
   6.0180664e+00   1.4400862e-10
   6.0302734e+00   1.2836920e-10
   6.0424805e+00   1.2445132e-10
   6.0546875e+00   1.0842179e-10
   6.0668945e+00   1.1924919e-10
   6.0791016e+00   1.4501301e-10
   6.0913086e+00   1.4391931e-10
   6.1035156e+00   1.3010696e-10
   6.1157227e+00   1.3428711e-10
   6.1279297e+00   1.6292006e-10
   6.1401367e+00   1.8124669e-10
   6.1523438e+00   1.6483248e-10
   6.1645508e+00   1.4336538e-10
   6.1767578e+00   1.4883449e-10
   6.1889648e+00   1.4828539e-10
   6.2011719e+00   1.4180247e-10
   6.2133789e+00   1.3234718e-10
   6.2255859e+00   1.3234595e-10
   6.2377930e+00   1.2974861e-10
   6.2500000e+00   1.2232917e-10
   6.2622070e+00   1.1323138e-10
   6.2744141e+00   1.0799582e-10
   6.2866211e+00   1.2216503e-10
   6.2988281e+00   1.2281692e-10
   6.3110352e+00   9.2365179e-11
   6.3232422e+00   9.2046032e-11
   6.3354492e+00   1.1035056e-10
   6.3476562e+00   1.0044063e-10
   6.3598633e+00   9.1920988e-11
   6.3720703e+00   9.2626757e-11
   6.3842773e+00   1.1323680e-10
   6.3964844e+00   1.4336013e-10
   6.4086914e+00   1.5252833e-10
   6.4208984e+00   1.2835832e-10
   6.4331055e+00   1.1324986e-10
   6.4453125e+00   1.1872030e-10
   6.4575195e+00   1.2293324e-10
   6.4697266e+00   1.1940096e-10
   6.4819336e+00   1.2876870e-10
   6.4941406e+00   1.2867832e-10
   6.5063477e+00   1.2703149e-10
   6.5185547e+00   1.2455270e-10
   6.5307617e+00   1.2955388e-10
   6.5429688e+00   1.1518164e-10
   6.5551758e+00   1.1761035e-10
   6.5673828e+00   1.3284652e-10
   6.5795898e+00   1.3389627e-10
   6.5917969e+00   1.2466054e-10
   6.6040039e+00   1.0693553e-10
   6.6162109e+00   1.0671991e-10
   6.6284180e+00   1.1677234e-10
   6.6406250e+00   1.1679947e-10
   6.6528320e+00   1.2105154e-10
   6.6650391e+00   1.1413342e-10
   6.6772461e+00   1.1334873e-10
   6.6894531e+00   1.1685030e-10
   6.7016602e+00   1.1445959e-10
   6.7138672e+00   1.1867446e-10
   6.7260742e+00   1.0671929e-10
   6.7382812e+00   8.5550492e-11
   6.7504883e+00   1.0246232e-10
   6.7626953e+00   1.2933245e-10
   6.7749023e+00   1.4657417e-10
   6.7871094e+00   1.3339788e-10
   6.7993164e+00   1.2052869e-10
   6.8115234e+00   1.1188325e-10
   6.8237305e+00   9.8220907e-11
   6.8359375e+00   1.0515673e-10
   6.8481445e+00   1.1926426e-10
   6.8603516e+00   1.2133154e-10
   6.8725586e+00   1.1452831e-10
   6.8847656e+00   1.1150266e-10
   6.8969727e+00   9.9563300e-11
   6.9091797e+00   9.3230148e-11
   6.9213867e+00   1.1629393e-10
   6.9335938e+00   1.1101945e-10
   6.9458008e+00   8.4899641e-11
   6.9580078e+00   8.0944577e-11
   6.9702148e+00   8.4778155e-11
   6.9824219e+00   8.0102502e-11
   6.9946289e+00   1.0601578e-10
   7.0068359e+00   1.2403967e-10
   7.0190430e+00   1.0912629e-10
   7.0312500e+00   1.1399459e-10
   7.0434570e+00   1.1330072e-10
   7.0556641e+00   9.8032172e-11
   7.0678711e+00   1.0572684e-10
   7.0800781e+00   1.1210070e-10
   7.0922852e+00   1.0924910e-10
   7.1044922e+00   1.0809482e-10
   7.1166992e+00   1.0061846e-10
   7.1289062e+00   9.3049264e-11
   7.1411133e+00   9.5901133e-11
   7.1533203e+00   1.1928485e-10
   7.1655273e+00   1.1726583e-10
   7.1777344e+00   9.8352414e-11
   7.1899414e+00   8.9291833e-11
   7.2021484e+00   8.0590639e-11
   7.2143555e+00   1.0100874e-10
   7.2265625e+00   1.1508610e-10
   7.2387695e+00   1.0073723e-10
   7.2509766e+00   9.9324288e-11
   7.2631836e+00   1.0022626e-10
   7.2753906e+00   9.7573234e-11
   7.2875977e+00   1.0055446e-10
   7.2998047e+00   9.5197083e-11
   7.3120117e+00   8.8461569e-11
   7.3242188e+00   8.7174197e-11
   7.3364258e+00   7.9746620e-11
   7.3486328e+00   8.8122479e-11
   7.3608398e+00   1.0320739e-10
   7.3730469e+00   9.2073700e-11
   7.3852539e+00   8.3189220e-11
   7.3974609e+00   8.8450927e-11
   7.4096680e+00   9.5413904e-11
   7.4218750e+00   9.2776037e-11
   7.4340820e+00   8.0318170e-11
   7.4462891e+00   7.0915828e-11
   7.4584961e+00   8.0400595e-11
   7.4707031e+00   9.6478405e-11
   7.4829102e+00   9.9784457e-11
   7.4951172e+00   9.2053922e-11
   7.5073242e+00   9.8501353e-11
   7.5195312e+00   9.9234288e-11
   7.5317383e+00   8.4309696e-11
   7.5439453e+00   8.5625412e-11
   7.5561523e+00   1.0127718e-10
   7.5683594e+00   1.0893230e-10
   7.5805664e+00   1.0141624e-10
   7.5927734e+00   1.0141010e-10
   7.6049805e+00   1.0034311e-10
   7.6171875e+00   1.0326070e-10
   7.6293945e+00   1.0377731e-10
   7.6416016e+00   9.3271868e-11
   7.6538086e+00   8.1193698e-11
   7.6660156e+00   7.9821917e-11
   7.6782227e+00   8.4274253e-11
   7.6904297e+00   7.9130493e-11
   7.7026367e+00   7.4126704e-11
   7.7148438e+00   8.2416236e-11
   7.7270508e+00   9.1598563e-11
   7.7392578e+00   9.6483656e-11
   7.7514648e+00   9.0394874e-11
   7.7636719e+00   9.4365559e-11
   7.7758789e+00   8.6600778e-11
   7.7880859e+00   7.5579619e-11
   7.8002930e+00   8.3879236e-11
   7.8125000e+00   1.0553016e-10
   7.8247070e+00   1.1257608e-10
   7.8369141e+00   9.7528249e-11
   7.8491211e+00   8.8754810e-11
   7.8613281e+00   7.9474968e-11
   7.8735352e+00   7.3968107e-11
   7.8857422e+00   8.3957270e-11
   7.8979492e+00   9.0695926e-11
   7.9101562e+00   8.8692043e-11
   7.9223633e+00   8.8191961e-11
   7.9345703e+00   8.3722363e-11
   7.9467773e+00   8.6502973e-11
   7.9589844e+00   9.7580929e-11
   7.9711914e+00   8.2745761e-11
   7.9833984e+00   7.3791136e-11
   7.9956055e+00   8.3545026e-11
   8.0078125e+00   8.9160312e-11
   8.0200195e+00   8.9860577e-11
   8.0322266e+00   9.3181739e-11
   8.0444336e+00   9.1019461e-11
   8.0566406e+00   9.6369121e-11
   8.0688477e+00   1.0136056e-10
   8.0810547e+00   9.6174881e-11
   8.0932617e+00   9.0934517e-11
   8.1054688e+00   8.0023346e-11
   8.1176758e+00   7.1330161e-11
   8.1298828e+00   7.6653241e-11
   8.1420898e+00   7.8582800e-11
   8.1542969e+00   7.4030061e-11
   8.1665039e+00   6.8417232e-11
   8.1787109e+00   6.7922693e-11
   8.1909180e+00   8.2341363e-11
   8.2031250e+00   7.9385864e-11
   8.2153320e+00   7.5374476e-11
   8.2275391e+00   8.0860061e-11
   8.2397461e+00   8.3457737e-11
   8.2519531e+00   9.4104495e-11
   8.2641602e+00   9.3831956e-11
   8.2763672e+00   8.2867024e-11
   8.2885742e+00   7.2796686e-11
   8.3007812e+00   6.0769184e-11
   8.3129883e+00   6.6636515e-11
   8.3251953e+00   7.7815443e-11
   8.3374023e+00   7.3403272e-11
   8.3496094e+00   7.6082931e-11
   8.3618164e+00   8.0784869e-11
   8.3740234e+00   8.3929567e-11
   8.3862305e+00   8.1475914e-11
   8.3984375e+00   8.0858084e-11
   8.4106445e+00   7.5920134e-11
   8.4228516e+00   6.6304533e-11
   8.4350586e+00   7.5168265e-11
   8.4472656e+00   7.9091037e-11
   8.4594727e+00   7.5062776e-11
   8.4716797e+00   7.7859614e-11
   8.4838867e+00   7.7051210e-11
   8.4960938e+00   7.3877180e-11
   8.5083008e+00   7.8119883e-11
   8.5205078e+00   8.3884771e-11
   8.5327148e+00   7.7106336e-11
   8.5449219e+00   7.4088189e-11
   8.5571289e+00   6.9346203e-11
   8.5693359e+00   5.8762172e-11
   8.5815430e+00   5.9772004e-11
   8.5937500e+00   6.4406450e-11
   8.6059570e+00   6.9096341e-11
   8.6181641e+00   7.3862442e-11
   8.6303711e+00   7.1771529e-11
   8.6425781e+00   5.9218433e-11
   8.6547852e+00   4.7247285e-11
   8.6669922e+00   5.7049269e-11
   8.6791992e+00   6.7982168e-11
   8.6914062e+00   6.1713777e-11
   8.7036133e+00   5.7692769e-11
   8.7158203e+00   6.0705795e-11
   8.7280273e+00   7.6426924e-11
   8.7402344e+00   7.4191418e-11
   8.7524414e+00   6.1293453e-11
   8.7646484e+00   5.9989706e-11
   8.7768555e+00   6.0640620e-11
   8.7890625e+00   6.3368662e-11
   8.8012695e+00   6.5656936e-11
   8.8134766e+00   6.4664404e-11
   8.8256836e+00   5.8230429e-11
   8.8378906e+00   5.7707470e-11
   8.8500977e+00   6.3986342e-11
   8.8623047e+00   7.1645993e-11
   8.8745117e+00   6.6221888e-11
   8.8867188e+00   6.4231296e-11
   8.8989258e+00   7.5136850e-11
   8.9111328e+00   6.9726771e-11
   8.9233398e+00   6.7161852e-11
   8.9355469e+00   7.3102744e-11
   8.9477539e+00   8.1154377e-11
   8.9599609e+00   8.7192201e-11
   8.9721680e+00   8.0963916e-11
   8.9843750e+00   7.8439091e-11
   8.9965820e+00   7.9953139e-11
   9.0087891e+00   7.2813712e-11
   9.0209961e+00   6.0232427e-11
   9.0332031e+00   6.9346281e-11
   9.0454102e+00   7.0189672e-11
   9.0576172e+00   6.6458197e-11
   9.0698242e+00   7.0438128e-11
   9.0820312e+00   7.2631614e-11
   9.0942383e+00   7.3260045e-11
   9.1064453e+00   7.0921251e-11
   9.1186523e+00   6.0231583e-11
   9.1308594e+00   5.0163799e-11
   9.1430664e+00   6.2352620e-11
   9.1552734e+00   7.5318712e-11
   9.1674805e+00   7.1769551e-11
   9.1796875e+00   6.2477780e-11
   9.1918945e+00   5.7631476e-11
   9.2041016e+00   5.7784672e-11
   9.2163086e+00   6.1434050e-11
   9.2285156e+00   6.8546425e-11
   9.2407227e+00   7.0830161e-11
   9.2529297e+00   5.6751927e-11
   9.2651367e+00   5.9063035e-11
   9.2773438e+00   7.8353632e-11
   9.2895508e+00   7.2611499e-11
   9.3017578e+00   6.4190551e-11
   9.3139648e+00   6.8681804e-11
   9.3261719e+00   6.8043160e-11
   9.3383789e+00   7.2203664e-11
   9.3505859e+00   6.8439953e-11
   9.3627930e+00   5.8378553e-11
   9.3750000e+00   6.2538565e-11
   9.3872070e+00   5.6106732e-11
   9.3994141e+00   5.4822813e-11
   9.4116211e+00   6.9445206e-11
   9.4238281e+00   7.2138025e-11
   9.4360352e+00   5.8111475e-11
   9.4482422e+00   6.7351784e-11
   9.4604492e+00   7.0118525e-11
   9.4726562e+00   5.4244607e-11
   9.4848633e+00   5.2313407e-11
   9.4970703e+00   6.3304954e-11
   9.5092773e+00   6.7122122e-11
   9.5214844e+00   7.1436348e-11
   9.5336914e+00   7.1817577e-11
   9.5458984e+00   6.3125874e-11
   9.5581055e+00   4.6343672e-11
   9.5703125e+00   4.3897009e-11
   9.5825195e+00   5.9644769e-11
   9.5947266e+00   6.6999575e-11
   9.6069336e+00   5.9643678e-11
   9.6191406e+00   4.9725124e-11
   9.6313477e+00   4.2587183e-11
   9.6435547e+00   4.4469348e-11
   9.6557617e+00   5.8121353e-11
   9.6679688e+00   6.4820064e-11
   9.6801758e+00   6.7276779e-11
   9.6923828e+00   7.2179867e-11
   9.7045898e+00   7.7962650e-11
   9.7167969e+00   6.9183833e-11
   9.7290039e+00   5.4051147e-11
   9.7412109e+00   4.1253435e-11
   9.7534180e+00   4.2349741e-11
   9.7656250e+00   4.8477711e-11
   9.7778320e+00   4.5417768e-11
   9.7900391e+00   4.6927857e-11
   9.8022461e+00   5.5899323e-11
   9.8144531e+00   7.0623175e-11
   9.8266602e+00   6.7911352e-11
   9.8388672e+00   5.2947454e-11
   9.8510742e+00   5.4070745e-11
   9.8632812e+00   5.9612508e-11
   9.8754883e+00   5.4104751e-11
   9.8876953e+00   4.6372655e-11
   9.8999023e+00   4.5920260e-11
   9.9121094e+00   4.1922553e-11
   9.9243164e+00   5.1557836e-11
   9.9365234e+00   5.9979820e-11
   9.9487305e+00   6.3568907e-11
   9.9609375e+00   6.8731036e-11
   9.9731445e+00   6.9069212e-11
   9.9853516e+00   6.4649671e-11
   9.9975586e+00   4.6339394e-11
   1.0009766e+01   5.0451247e-11
   1.0021973e+01   6.3101075e-11
   1.0034180e+01   6.4373529e-11
   1.0046387e+01   6.4802394e-11
   1.0058594e+01   6.1573845e-11
   1.0070801e+01   6.1571169e-11
   1.0083008e+01   4.9570704e-11
   1.0095215e+01   4.0185466e-11
   1.0107422e+01   4.0158081e-11
   1.0119629e+01   4.8148605e-11
   1.0131836e+01   6.4433952e-11
   1.0144043e+01   5.8051204e-11
   1.0156250e+01   5.9438171e-11
   1.0168457e+01   6.3730097e-11
   1.0180664e+01   4.5940439e-11
   1.0192871e+01   4.7359420e-11
   1.0205078e+01   5.7374729e-11
   1.0217285e+01   6.2193050e-11
   1.0229492e+01   6.4788653e-11
   1.0241699e+01   7.5472683e-11
   1.0253906e+01   6.9692538e-11
   1.0266113e+01   5.0202225e-11
   1.0278320e+01   5.0622982e-11
   1.0290527e+01   5.0303073e-11
   1.0302734e+01   4.5144734e-11
   1.0314941e+01   4.3840927e-11
   1.0327148e+01   4.9200485e-11
   1.0339355e+01   4.9088245e-11
   1.0351562e+01   5.0966330e-11
   1.0363770e+01   5.7873330e-11
   1.0375977e+01   6.3209084e-11
   1.0388184e+01   6.2707725e-11
   1.0400391e+01   4.8228497e-11
   1.0412598e+01   5.4595259e-11
   1.0424805e+01   5.8646248e-11
   1.0437012e+01   4.9387615e-11
   1.0449219e+01   5.0375428e-11
   1.0461426e+01   5.7474425e-11
   1.0473633e+01   5.3252178e-11
   1.0485840e+01   5.3982914e-11
   1.0498047e+01   5.6446773e-11
   1.0510254e+01   6.1113961e-11
   1.0522461e+01   5.8003413e-11
   1.0534668e+01   5.3924269e-11
   1.0546875e+01   5.6922974e-11
   1.0559082e+01   5.8064540e-11
   1.0571289e+01   5.5701786e-11
   1.0583496e+01   5.0235982e-11
   1.0595703e+01   5.7804132e-11
   1.0607910e+01   5.2476955e-11
   1.0620117e+01   3.8780066e-11
   1.0632324e+01   4.2334276e-11
   1.0644531e+01   5.5093138e-11
   1.0656738e+01   5.4541468e-11
   1.0668945e+01   4.3375801e-11
   1.0681152e+01   3.1686751e-11
   1.0693359e+01   3.0530944e-11
   1.0705566e+01   4.5195449e-11
   1.0717773e+01   4.7819789e-11
   1.0729980e+01   5.0116272e-11
   1.0742188e+01   4.8224451e-11
   1.0754395e+01   4.2067739e-11
   1.0766602e+01   5.0530443e-11
   1.0778809e+01   6.1507987e-11
   1.0791016e+01   6.0536934e-11
   1.0803223e+01   5.1140762e-11
   1.0815430e+01   5.2665832e-11
   1.0827637e+01   4.8353605e-11
   1.0839844e+01   4.3050237e-11
   1.0852051e+01   4.1282221e-11
   1.0864258e+01   4.2513814e-11
   1.0876465e+01   5.3294087e-11
   1.0888672e+01   5.9011255e-11
   1.0900879e+01   5.5463120e-11
   1.0913086e+01   5.0475582e-11
   1.0925293e+01   4.8792518e-11
   1.0937500e+01   4.7175086e-11
   1.0949707e+01   4.9635407e-11
   1.0961914e+01   4.9680907e-11
   1.0974121e+01   4.5943188e-11
   1.0986328e+01   5.0083606e-11
   1.0998535e+01   5.0906920e-11
   1.1010742e+01   4.6343861e-11
   1.1022949e+01   4.3108105e-11
   1.1035156e+01   3.7701524e-11
   1.1047363e+01   4.3508568e-11
   1.1059570e+01   5.3734830e-11
   1.1071777e+01   6.1157393e-11
   1.1083984e+01   6.2067542e-11
   1.1096191e+01   5.3401836e-11
   1.1108398e+01   4.7886600e-11
   1.1120605e+01   5.5088016e-11
   1.1132812e+01   5.5462515e-11
   1.1145020e+01   4.4164787e-11
   1.1157227e+01   3.9397833e-11
   1.1169434e+01   3.5946216e-11
   1.1181641e+01   3.0131719e-11
   1.1193848e+01   3.4107372e-11
   1.1206055e+01   4.3737959e-11
   1.1218262e+01   4.7784542e-11
   1.1230469e+01   4.4083534e-11
   1.1242676e+01   3.8839000e-11
   1.1254883e+01   4.4918169e-11
   1.1267090e+01   5.3584117e-11
   1.1279297e+01   4.7612904e-11
   1.1291504e+01   3.5058808e-11
   1.1303711e+01   3.5189271e-11
   1.1315918e+01   4.7807122e-11
   1.1328125e+01   4.9668674e-11
   1.1340332e+01   3.2869797e-11
   1.1352539e+01   3.7001818e-11
   1.1364746e+01   4.6947816e-11
   1.1376953e+01   4.3165847e-11
   1.1389160e+01   4.7408467e-11
   1.1401367e+01   4.6894982e-11
   1.1413574e+01   3.9514739e-11
   1.1425781e+01   4.0431413e-11
   1.1437988e+01   5.1808965e-11
   1.1450195e+01   5.6583881e-11
   1.1462402e+01   4.4352634e-11
   1.1474609e+01   4.6353469e-11
   1.1486816e+01   4.8440243e-11
   1.1499023e+01   4.4484101e-11
   1.1511230e+01   4.6804382e-11
   1.1523438e+01   5.4059659e-11
   1.1535645e+01   5.7466369e-11
   1.1547852e+01   5.9490801e-11
   1.1560059e+01   5.5145282e-11
   1.1572266e+01   4.8849505e-11
   1.1584473e+01   4.6624406e-11
   1.1596680e+01   4.8905648e-11
   1.1608887e+01   4.5614833e-11
   1.1621094e+01   4.1827448e-11
   1.1633301e+01   4.3432265e-11
   1.1645508e+01   3.8707825e-11
   1.1657715e+01   3.3206131e-11
   1.1669922e+01   3.7159826e-11
   1.1682129e+01   4.0819089e-11
   1.1694336e+01   4.4934960e-11
   1.1706543e+01   5.6284899e-11
   1.1718750e+01   5.3152607e-11
   1.1730957e+01   4.0500544e-11
   1.1743164e+01   3.2235151e-11
   1.1755371e+01   3.0920262e-11
   1.1767578e+01   3.7140428e-11
   1.1779785e+01   4.6157612e-11
   1.1791992e+01   4.3843732e-11
   1.1804199e+01   3.4736339e-11
   1.1816406e+01   3.3826986e-11
   1.1828613e+01   4.9741341e-11
   1.1840820e+01   5.4370987e-11
   1.1853027e+01   4.8385271e-11
   1.1865234e+01   5.0877452e-11
   1.1877441e+01   5.1480162e-11
   1.1889648e+01   4.4225505e-11
   1.1901855e+01   3.4626127e-11
   1.1914062e+01   3.7216301e-11
   1.1926270e+01   3.9229939e-11
   1.1938477e+01   3.0832829e-11
   1.1950684e+01   3.3088765e-11
   1.1962891e+01   4.0271238e-11
   1.1975098e+01   3.6823677e-11
   1.1987305e+01   2.8531809e-11
   1.1999512e+01   3.1886142e-11
   1.2011719e+01   3.9292659e-11
   1.2023926e+01   3.9036973e-11
   1.2036133e+01   3.7281726e-11
   1.2048340e+01   3.1309376e-11
   1.2060547e+01   2.6072901e-11
   1.2072754e+01   3.6094348e-11
   1.2084961e+01   4.6024854e-11
   1.2097168e+01   4.6684854e-11
   1.2109375e+01   3.9207263e-11
   1.2121582e+01   3.3629961e-11
   1.2133789e+01   4.6892829e-11
   1.2145996e+01   5.0508732e-11
   1.2158203e+01   3.6097229e-11
   1.2170410e+01   3.6526126e-11
   1.2182617e+01   4.3301469e-11
   1.2194824e+01   3.7035989e-11
   1.2207031e+01   4.4531538e-11
   1.2219238e+01   4.5601912e-11
   1.2231445e+01   4.3940492e-11
   1.2243652e+01   4.0683185e-11
   1.2255859e+01   2.4691084e-11
   1.2268066e+01   2.2889456e-11
   1.2280273e+01   3.2229477e-11
   1.2292480e+01   4.6640913e-11
   1.2304688e+01   3.4183857e-11
   1.2316895e+01   2.4907767e-11
   1.2329102e+01   3.7020297e-11
   1.2341309e+01   3.9472562e-11
   1.2353516e+01   3.4093135e-11
   1.2365723e+01   3.7450223e-11
   1.2377930e+01   3.5116895e-11
   1.2390137e+01   4.0366806e-11
   1.2402344e+01   5.0185289e-11
   1.2414551e+01   4.4895344e-11
   1.2426758e+01   3.3728911e-11
   1.2438965e+01   3.7057673e-11
   1.2451172e+01   5.3487666e-11
   1.2463379e+01   5.3631283e-11
   1.2475586e+01   4.3560315e-11
   1.2487793e+01   3.9214032e-11
   1.2500000e+01   3.4834339e-11
   1.2512207e+01   4.3761797e-11
   1.2524414e+01   4.3947594e-11
   1.2536621e+01   3.5546606e-11
   1.2548828e+01   3.7091895e-11
   1.2561035e+01   4.2043949e-11
   1.2573242e+01   3.7610830e-11
   1.2585449e+01   3.2616618e-11
   1.2597656e+01   3.6924530e-11
   1.2609863e+01   4.2685233e-11
   1.2622070e+01   3.9049106e-11
   1.2634277e+01   3.0496833e-11
   1.2646484e+01   3.0592611e-11
   1.2658691e+01   3.8967188e-11
   1.2670898e+01   4.0257410e-11
   1.2683105e+01   3.9421014e-11
   1.2695312e+01   4.0080981e-11
   1.2707520e+01   3.6615221e-11
   1.2719727e+01   3.4019830e-11
   1.2731934e+01   3.4089449e-11
   1.2744141e+01   3.4717458e-11
   1.2756348e+01   3.9328790e-11
   1.2768555e+01   4.2326632e-11
   1.2780762e+01   3.5120115e-11
   1.2792969e+01   4.6511012e-11
   1.2805176e+01   4.7003731e-11
   1.2817383e+01   3.6578786e-11
   1.2829590e+01   2.5699320e-11
   1.2841797e+01   2.6688355e-11
   1.2854004e+01   3.6146523e-11
   1.2866211e+01   3.8129594e-11
   1.2878418e+01   3.6703778e-11
   1.2890625e+01   3.8556896e-11
   1.2902832e+01   3.9447486e-11
   1.2915039e+01   3.6837694e-11
   1.2927246e+01   4.6549424e-11
   1.2939453e+01   4.2427645e-11
   1.2951660e+01   3.4170141e-11
   1.2963867e+01   3.5669586e-11
   1.2976074e+01   3.3791907e-11
   1.2988281e+01   3.1373796e-11
   1.3000488e+01   3.0991306e-11
   1.3012695e+01   3.9530773e-11
   1.3024902e+01   4.2150709e-11
   1.3037109e+01   3.4959189e-11
   1.3049316e+01   3.6807343e-11
   1.3061523e+01   3.6970989e-11
   1.3073730e+01   2.8326931e-11
   1.3085938e+01   2.9469211e-11
   1.3098145e+01   4.0669912e-11
   1.3110352e+01   4.3140550e-11
   1.3122559e+01   4.9314105e-11
   1.3134766e+01   4.8310063e-11
   1.3146973e+01   4.0580432e-11
   1.3159180e+01   3.7610985e-11
   1.3171387e+01   3.5659857e-11
   1.3183594e+01   4.7221496e-11
   1.3195801e+01   5.3855181e-11
   1.3208008e+01   4.4969492e-11
   1.3220215e+01   4.4348771e-11
   1.3232422e+01   4.4253415e-11
   1.3244629e+01   4.1453583e-11
   1.3256836e+01   3.4574473e-11
   1.3269043e+01   2.8756054e-11
   1.3281250e+01   3.3539295e-11
   1.3293457e+01   3.6321306e-11
   1.3305664e+01   3.7261486e-11
   1.3317871e+01   3.9422226e-11
   1.3330078e+01   3.2356486e-11
   1.3342285e+01   3.0903251e-11
   1.3354492e+01   3.4580691e-11
   1.3366699e+01   3.1383588e-11
   1.3378906e+01   3.6049119e-11
   1.3391113e+01   3.2253168e-11
   1.3403320e+01   2.8573261e-11
   1.3415527e+01   4.9490731e-11
   1.3427734e+01   4.5361145e-11
   1.3439941e+01   3.5332326e-11
   1.3452148e+01   4.5752799e-11
   1.3464355e+01   4.6027669e-11
   1.3476562e+01   3.6325150e-11
   1.3488770e+01   3.3143677e-11
   1.3500977e+01   3.8349060e-11
   1.3513184e+01   3.3635363e-11
   1.3525391e+01   3.1339293e-11
   1.3537598e+01   3.7864548e-11
   1.3549805e+01   3.3796380e-11
   1.3562012e+01   3.1431800e-11
   1.3574219e+01   3.7293758e-11
   1.3586426e+01   3.3911193e-11
   1.3598633e+01   1.9212776e-11
   1.3610840e+01   2.6547929e-11
   1.3623047e+01   3.9624040e-11
   1.3635254e+01   5.1607564e-11
   1.3647461e+01   5.6388030e-11
   1.3659668e+01   3.4228951e-11
   1.3671875e+01   2.0375531e-11
   1.3684082e+01   2.8429421e-11
   1.3696289e+01   4.0038341e-11
   1.3708496e+01   4.5371655e-11
   1.3720703e+01   4.2655808e-11
   1.3732910e+01   3.3086771e-11
   1.3745117e+01   2.9551225e-11
   1.3757324e+01   2.6425999e-11
   1.3769531e+01   2.4647727e-11
   1.3781738e+01   3.0327570e-11
   1.3793945e+01   3.3283856e-11
   1.3806152e+01   3.8949731e-11
   1.3818359e+01   4.7814134e-11
   1.3830566e+01   4.6044092e-11
   1.3842773e+01   3.7105063e-11
   1.3854980e+01   2.9443978e-11
   1.3867188e+01   3.1833648e-11
   1.3879395e+01   3.4354649e-11
   1.3891602e+01   3.8217663e-11
   1.3903809e+01   4.0028550e-11
   1.3916016e+01   4.1977924e-11
   1.3928223e+01   3.6372807e-11
   1.3940430e+01   3.3656678e-11
   1.3952637e+01   3.3271382e-11
   1.3964844e+01   3.3603005e-11
   1.3977051e+01   3.6081787e-11
   1.3989258e+01   3.1728844e-11
   1.4001465e+01   3.1206311e-11
   1.4013672e+01   3.2467196e-11
   1.4025879e+01   2.7928368e-11
   1.4038086e+01   2.8694537e-11
   1.4050293e+01   3.6712848e-11
   1.4062500e+01   3.9454359e-11
   1.4074707e+01   3.2636756e-11
   1.4086914e+01   3.8365504e-11
   1.4099121e+01   3.8905613e-11
   1.4111328e+01   3.2590511e-11
   1.4123535e+01   2.5164714e-11
   1.4135742e+01   1.9663593e-11
   1.4147949e+01   2.4253509e-11
   1.4160156e+01   3.4509411e-11
   1.4172363e+01   4.2884364e-11
   1.4184570e+01   3.6116487e-11
   1.4196777e+01   3.3518275e-11
   1.4208984e+01   4.0129348e-11
   1.4221191e+01   4.5714222e-11
   1.4233398e+01   3.9407468e-11
   1.4245605e+01   3.5368163e-11
   1.4257812e+01   2.9168549e-11
   1.4270020e+01   3.4144519e-11
   1.4282227e+01   5.1264359e-11
   1.4294434e+01   5.1493126e-11
   1.4306641e+01   4.5955893e-11
   1.4318848e+01   3.5788687e-11
   1.4331055e+01   2.9529131e-11
   1.4343262e+01   2.6836590e-11
   1.4355469e+01   2.7706163e-11
   1.4367676e+01   3.5877286e-11
   1.4379883e+01   4.5461025e-11
   1.4392090e+01   4.2510617e-11
   1.4404297e+01   3.3595213e-11
   1.4416504e+01   3.4453757e-11
   1.4428711e+01   3.2902649e-11
   1.4440918e+01   2.5516285e-11
   1.4453125e+01   3.1133399e-11
   1.4465332e+01   3.2394390e-11
   1.4477539e+01   2.4500527e-11
   1.4489746e+01   2.4047786e-11
   1.4501953e+01   2.0356862e-11
   1.4514160e+01   2.4246321e-11
   1.4526367e+01   3.8578529e-11
   1.4538574e+01   3.9942647e-11
   1.4550781e+01   3.5930753e-11
   1.4562988e+01   4.3386859e-11
   1.4575195e+01   4.3945694e-11
   1.4587402e+01   3.9860271e-11
   1.4599609e+01   3.7452874e-11
   1.4611816e+01   3.4182100e-11
   1.4624023e+01   2.8579926e-11
   1.4636230e+01   2.5329590e-11
   1.4648438e+01   3.3428524e-11
   1.4660645e+01   3.8784498e-11
   1.4672852e+01   2.4710102e-11
   1.4685059e+01   2.6712637e-11
   1.4697266e+01   3.6105440e-11
   1.4709473e+01   3.6791067e-11
   1.4721680e+01   3.6558191e-11
   1.4733887e+01   3.2243383e-11
   1.4746094e+01   3.0922882e-11
   1.4758301e+01   4.0938290e-11
   1.4770508e+01   4.5416611e-11
   1.4782715e+01   3.7370191e-11
   1.4794922e+01   4.3427272e-11
   1.4807129e+01   4.5690957e-11
   1.4819336e+01   3.2929073e-11
   1.4831543e+01   2.6728242e-11
   1.4843750e+01   2.5664772e-11
   1.4855957e+01   2.7181621e-11
   1.4868164e+01   3.4113375e-11
   1.4880371e+01   2.7715051e-11
   1.4892578e+01   1.4696138e-11
   1.4904785e+01   2.3980289e-11
   1.4916992e+01   3.5297066e-11
   1.4929199e+01   2.6138766e-11
   1.4941406e+01   2.2206609e-11
   1.4953613e+01   2.8321707e-11
   1.4965820e+01   3.5412231e-11
   1.4978027e+01   3.1308206e-11
   1.4990234e+01   2.8808100e-11
   1.5002441e+01   3.4756369e-11
   1.5014648e+01   4.0556068e-11
   1.5026855e+01   3.3562953e-11
   1.5039062e+01   2.5523487e-11
   1.5051270e+01   2.4284889e-11
   1.5063477e+01   2.0865579e-11
   1.5075684e+01   1.8532471e-11
   1.5087891e+01   2.3924330e-11
   1.5100098e+01   3.6446647e-11
   1.5112305e+01   3.8052246e-11
   1.5124512e+01   2.8966625e-11
   1.5136719e+01   4.1217685e-11
   1.5148926e+01   3.5168803e-11
   1.5161133e+01   2.2511729e-11
   1.5173340e+01   2.4678160e-11
   1.5185547e+01   3.1107883e-11
   1.5197754e+01   2.2213730e-11
   1.5209961e+01   2.2876718e-11
   1.5222168e+01   2.9221159e-11
   1.5234375e+01   3.4251902e-11
   1.5246582e+01   2.8543512e-11
   1.5258789e+01   2.5356093e-11
   1.5270996e+01   3.5629944e-11
   1.5283203e+01   4.1056200e-11
   1.5295410e+01   3.6784418e-11
   1.5307617e+01   3.1446586e-11
   1.5319824e+01   3.4458613e-11
   1.5332031e+01   3.4074080e-11
   1.5344238e+01   2.4658056e-11
   1.5356445e+01   2.5663009e-11
   1.5368652e+01   3.4013117e-11
   1.5380859e+01   3.3998814e-11
   1.5393066e+01   3.1309700e-11
   1.5405273e+01   5.2031428e-11
   1.5417480e+01   5.0635909e-11
   1.5429688e+01   3.1368607e-11
   1.5441895e+01   3.0096888e-11
   1.5454102e+01   3.7014453e-11
   1.5466309e+01   3.8535398e-11
   1.5478516e+01   4.3661842e-11
   1.5490723e+01   3.9034561e-11
   1.5502930e+01   2.9292128e-11
   1.5515137e+01   2.6782091e-11
   1.5527344e+01   2.6837090e-11
   1.5539551e+01   2.8392560e-11
   1.5551758e+01   3.3352708e-11
   1.5563965e+01   3.4764696e-11
   1.5576172e+01   3.0358716e-11
   1.5588379e+01   2.6851923e-11
   1.5600586e+01   2.3594609e-11
   1.5612793e+01   3.1680376e-11
   1.5625000e+01   3.5355984e-11
   1.5637207e+01   2.7164223e-11
   1.5649414e+01   2.8536091e-11
   1.5661621e+01   3.2037024e-11
   1.5673828e+01   3.1845488e-11
   1.5686035e+01   3.7820854e-11
   1.5698242e+01   4.4557977e-11
   1.5710449e+01   4.1884493e-11
   1.5722656e+01   3.4193881e-11
   1.5734863e+01   4.8626513e-11
   1.5747070e+01   4.5152327e-11
   1.5759277e+01   2.5991937e-11
   1.5771484e+01   2.4962243e-11
   1.5783691e+01   2.3380526e-11
   1.5795898e+01   2.1895851e-11
   1.5808105e+01   2.9141074e-11
   1.5820312e+01   2.6020012e-11
   1.5832520e+01   2.5675586e-11
   1.5844727e+01   2.8154955e-11
   1.5856934e+01   2.7008064e-11
   1.5869141e+01   1.9887930e-11
   1.5881348e+01   1.8844487e-11
   1.5893555e+01   3.1779598e-11
   1.5905762e+01   2.9767110e-11
   1.5917969e+01   2.0239688e-11
   1.5930176e+01   2.6833695e-11
   1.5942383e+01   3.2173175e-11
   1.5954590e+01   3.1396691e-11
   1.5966797e+01   2.9398125e-11
   1.5979004e+01   2.7308773e-11
   1.5991211e+01   2.5572256e-11
   1.6003418e+01   3.0918272e-11
   1.6015625e+01   2.9874727e-11
   1.6027832e+01   3.3382632e-11
   1.6040039e+01   5.3012467e-11
   1.6052246e+01   4.4534612e-11
   1.6064453e+01   2.4493599e-11
   1.6076660e+01   2.2243776e-11
   1.6088867e+01   2.9221433e-11
   1.6101074e+01   3.0136887e-11
   1.6113281e+01   2.8675456e-11
   1.6125488e+01   3.7991255e-11
   1.6137695e+01   3.9122577e-11
   1.6149902e+01   3.0058983e-11
   1.6162109e+01   2.7177942e-11
   1.6174316e+01   2.5596060e-11
   1.6186523e+01   3.4434077e-11
   1.6198730e+01   4.3423561e-11
   1.6210938e+01   3.7272582e-11
   1.6223145e+01   3.0828001e-11
   1.6235352e+01   2.7245646e-11
   1.6247559e+01   3.2986469e-11
   1.6259766e+01   3.1509240e-11
   1.6271973e+01   3.1553728e-11
   1.6284180e+01   4.4276823e-11
   1.6296387e+01   3.7860828e-11
   1.6308594e+01   2.4914923e-11
   1.6320801e+01   2.3717179e-11
   1.6333008e+01   2.3624581e-11
   1.6345215e+01   1.8148229e-11
   1.6357422e+01   1.6601946e-11
   1.6369629e+01   2.5847883e-11
   1.6381836e+01   3.1841517e-11
   1.6394043e+01   2.7612776e-11
   1.6406250e+01   2.0942398e-11
   1.6418457e+01   1.9397838e-11
   1.6430664e+01   2.3116502e-11
   1.6442871e+01   2.6068433e-11
   1.6455078e+01   3.2587644e-11
   1.6467285e+01   4.1068456e-11
   1.6479492e+01   3.1444299e-11
   1.6491699e+01   2.4397610e-11
   1.6503906e+01   2.1749258e-11
   1.6516113e+01   2.5462333e-11
   1.6528320e+01   3.3957704e-11
   1.6540527e+01   3.6556791e-11
   1.6552734e+01   3.2403317e-11
   1.6564941e+01   3.4018110e-11
   1.6577148e+01   3.3074065e-11
   1.6589355e+01   3.3479530e-11
   1.6601562e+01   3.8965360e-11
   1.6613770e+01   3.1262172e-11
   1.6625977e+01   2.0276397e-11
   1.6638184e+01   2.5954394e-11
   1.6650391e+01   3.2518995e-11
   1.6662598e+01   3.4241512e-11
   1.6674805e+01   3.0778807e-11
   1.6687012e+01   2.5586453e-11
   1.6699219e+01   2.8270757e-11
   1.6711426e+01   3.3078429e-11
   1.6723633e+01   2.1934920e-11
   1.6735840e+01   1.5145238e-11
   1.6748047e+01   2.1975959e-11
   1.6760254e+01   2.1595359e-11
   1.6772461e+01   1.8819016e-11
   1.6784668e+01   2.3193796e-11
   1.6796875e+01   2.7340804e-11
   1.6809082e+01   2.8611083e-11
   1.6821289e+01   2.9331053e-11
   1.6833496e+01   2.9068733e-11
   1.6845703e+01   3.7258850e-11
   1.6857910e+01   3.6096219e-11
   1.6870117e+01   3.1004549e-11
   1.6882324e+01   3.6336266e-11
   1.6894531e+01   3.5651020e-11
   1.6906738e+01   3.6328405e-11
   1.6918945e+01   4.2506235e-11
   1.6931152e+01   2.7692379e-11
   1.6943359e+01   2.6540527e-11
   1.6955566e+01   4.5099825e-11
   1.6967773e+01   4.3284819e-11
   1.6979980e+01   3.0560141e-11
   1.6992188e+01   2.1015238e-11
   1.7004395e+01   1.2165085e-11
   1.7016602e+01   1.8659127e-11
   1.7028809e+01   2.5129838e-11
   1.7041016e+01   2.2147956e-11
   1.7053223e+01   2.9972990e-11
   1.7065430e+01   3.5039798e-11
   1.7077637e+01   2.5295468e-11
   1.7089844e+01   3.2673138e-11
   1.7102051e+01   4.2092750e-11
   1.7114258e+01   3.2357969e-11
   1.7126465e+01   1.8548742e-11
   1.7138672e+01   1.4470624e-11
   1.7150879e+01   1.2202572e-11
   1.7163086e+01   1.2361249e-11
   1.7175293e+01   2.0761347e-11
   1.7187500e+01   2.9745958e-11
   1.7199707e+01   3.6642899e-11
   1.7211914e+01   3.0148224e-11
   1.7224121e+01   2.2555985e-11
   1.7236328e+01   1.9937692e-11
   1.7248535e+01   2.7932338e-11
   1.7260742e+01   3.1192298e-11
   1.7272949e+01   2.1431649e-11
   1.7285156e+01   2.1385533e-11
   1.7297363e+01   2.3911195e-11
   1.7309570e+01   2.6333831e-11
   1.7321777e+01   2.8228625e-11
   1.7333984e+01   2.1688720e-11
   1.7346191e+01   2.5596833e-11
   1.7358398e+01   2.6977729e-11
   1.7370605e+01   2.7125024e-11
   1.7382812e+01   2.6787174e-11
   1.7395020e+01   2.0674454e-11
   1.7407227e+01   1.4003309e-11
   1.7419434e+01   1.6143170e-11
   1.7431641e+01   2.0037819e-11
   1.7443848e+01   2.0743505e-11
   1.7456055e+01   2.0656809e-11
   1.7468262e+01   2.8779767e-11
   1.7480469e+01   3.4931032e-11
   1.7492676e+01   3.6719315e-11
   1.7504883e+01   2.9437346e-11
   1.7517090e+01   3.1118086e-11
   1.7529297e+01   3.4756747e-11
   1.7541504e+01   2.2162147e-11
   1.7553711e+01   2.1117505e-11
   1.7565918e+01   3.0485855e-11
   1.7578125e+01   3.3676379e-11
   1.7590332e+01   3.4489039e-11
   1.7602539e+01   3.4439520e-11
   1.7614746e+01   2.8586631e-11
   1.7626953e+01   2.3398656e-11
   1.7639160e+01   2.7337921e-11
   1.7651367e+01   2.3544266e-11
   1.7663574e+01   2.9792531e-11
   1.7675781e+01   2.9537420e-11
   1.7687988e+01   2.1389367e-11
   1.7700195e+01   1.7550949e-11
   1.7712402e+01   1.8361807e-11
   1.7724609e+01   2.0754424e-11
   1.7736816e+01   1.9669402e-11
   1.7749023e+01   2.3556877e-11
   1.7761230e+01   2.4936882e-11
   1.7773438e+01   2.8885261e-11
   1.7785645e+01   3.4166690e-11
   1.7797852e+01   2.6884516e-11
   1.7810059e+01   2.0638476e-11
   1.7822266e+01   2.1232246e-11
   1.7834473e+01   2.2286373e-11
   1.7846680e+01   1.7575288e-11
   1.7858887e+01   2.0728583e-11
   1.7871094e+01   2.5704573e-11
   1.7883301e+01   1.7503391e-11
   1.7895508e+01   1.8623354e-11
   1.7907715e+01   2.8833678e-11
   1.7919922e+01   3.6366564e-11
   1.7932129e+01   2.8351953e-11
   1.7944336e+01   2.3219177e-11
   1.7956543e+01   3.2571985e-11
   1.7968750e+01   3.7782528e-11
   1.7980957e+01   3.0560339e-11
   1.7993164e+01   2.6766894e-11
   1.8005371e+01   2.0881121e-11
   1.8017578e+01   1.4039300e-11
   1.8029785e+01   1.3300717e-11
   1.8041992e+01   1.8827610e-11
   1.8054199e+01   1.9504562e-11
   1.8066406e+01   2.3702389e-11
   1.8078613e+01   2.8103256e-11
   1.8090820e+01   2.9822059e-11
   1.8103027e+01   3.0159469e-11
   1.8115234e+01   3.3835751e-11
   1.8127441e+01   2.8906272e-11
   1.8139648e+01   2.0743905e-11
   1.8151855e+01   2.0810618e-11
   1.8164062e+01   1.8793461e-11
   1.8176270e+01   1.9884173e-11
   1.8188477e+01   2.6839493e-11
   1.8200684e+01   2.7478503e-11
   1.8212891e+01   2.2144969e-11
   1.8225098e+01   2.4998214e-11
   1.8237305e+01   2.6353156e-11
   1.8249512e+01   2.1694782e-11
   1.8261719e+01   3.0529756e-11
   1.8273926e+01   3.1243520e-11
   1.8286133e+01   2.5543062e-11
   1.8298340e+01   3.0950560e-11
   1.8310547e+01   2.7197698e-11
   1.8322754e+01   1.9437039e-11
   1.8334961e+01   1.6412428e-11
   1.8347168e+01   2.0032386e-11
   1.8359375e+01   2.2428205e-11
   1.8371582e+01   1.9965511e-11
   1.8383789e+01   2.1929395e-11
   1.8395996e+01   2.5996548e-11
   1.8408203e+01   2.9365635e-11
   1.8420410e+01   3.5376193e-11
   1.8432617e+01   3.6957565e-11
   1.8444824e+01   2.6428257e-11
   1.8457031e+01   2.1759653e-11
   1.8469238e+01   2.4262071e-11
   1.8481445e+01   3.0493815e-11
   1.8493652e+01   2.9497884e-11
   1.8505859e+01   2.1617789e-11
   1.8518066e+01   2.1870500e-11
   1.8530273e+01   2.5402688e-11
   1.8542480e+01   2.6070565e-11
   1.8554688e+01   2.3352847e-11
   1.8566895e+01   1.9630379e-11
   1.8579102e+01   2.4379326e-11
   1.8591309e+01   2.8904113e-11
   1.8603516e+01   2.4287915e-11
   1.8615723e+01   2.4069907e-11
   1.8627930e+01   2.4485512e-11
   1.8640137e+01   2.2654773e-11
   1.8652344e+01   2.4989373e-11
   1.8664551e+01   3.0577029e-11
   1.8676758e+01   3.1230392e-11
   1.8688965e+01   1.5316414e-11
   1.8701172e+01   9.3462379e-12
   1.8713379e+01   1.4487048e-11
   1.8725586e+01   1.8529722e-11
   1.8737793e+01   2.0644573e-11
   1.8750000e+01   2.3891911e-11
   1.8762207e+01   2.4334915e-11
   1.8774414e+01   2.0604504e-11
   1.8786621e+01   2.7721639e-11
   1.8798828e+01   2.7298026e-11
   1.8811035e+01   1.7978410e-11
   1.8823242e+01   1.9767350e-11
   1.8835449e+01   3.1199600e-11
   1.8847656e+01   2.3586695e-11
   1.8859863e+01   1.5260643e-11
   1.8872070e+01   2.4828187e-11
   1.8884277e+01   3.1620090e-11
   1.8896484e+01   3.2270478e-11
   1.8908691e+01   3.7817561e-11
   1.8920898e+01   3.1726597e-11
   1.8933105e+01   2.2323502e-11
   1.8945312e+01   2.6063030e-11
   1.8957520e+01   2.5508061e-11
   1.8969727e+01   2.1193668e-11
   1.8981934e+01   2.8387271e-11
   1.8994141e+01   3.8330548e-11
   1.9006348e+01   2.8889441e-11
   1.9018555e+01   2.9401726e-11
   1.9030762e+01   3.0905281e-11
   1.9042969e+01   2.2917977e-11
   1.9055176e+01   1.9136148e-11
   1.9067383e+01   1.7648188e-11
   1.9079590e+01   1.9747406e-11
   1.9091797e+01   2.6064503e-11
   1.9104004e+01   2.1926400e-11
   1.9116211e+01   2.1285540e-11
   1.9128418e+01   3.0499694e-11
   1.9140625e+01   2.9116418e-11
   1.9152832e+01   1.5449489e-11
   1.9165039e+01   1.8915448e-11
   1.9177246e+01   3.2667118e-11
   1.9189453e+01   3.1524707e-11
   1.9201660e+01   2.3826232e-11
   1.9213867e+01   2.3149473e-11
   1.9226074e+01   2.1749240e-11
   1.9238281e+01   1.9552217e-11
   1.9250488e+01   2.1160811e-11
   1.9262695e+01   1.8018030e-11
   1.9274902e+01   1.4055955e-11
   1.9287109e+01   2.3180455e-11
   1.9299316e+01   2.5469284e-11
   1.9311523e+01   2.4908150e-11
   1.9323730e+01   3.6075317e-11
   1.9335938e+01   3.1055845e-11
   1.9348145e+01   2.4429051e-11
   1.9360352e+01   2.2546318e-11
   1.9372559e+01   1.9017538e-11
   1.9384766e+01   1.3195789e-11
   1.9396973e+01   1.7120920e-11
   1.9409180e+01   2.5192644e-11
   1.9421387e+01   2.4324833e-11
   1.9433594e+01   2.4926957e-11
   1.9445801e+01   2.2010783e-11
   1.9458008e+01   1.4617577e-11
   1.9470215e+01   1.9214376e-11
   1.9482422e+01   2.5305532e-11
   1.9494629e+01   2.4235159e-11
   1.9506836e+01   2.0935610e-11
   1.9519043e+01   2.3688385e-11
   1.9531250e+01   2.6900090e-11
   1.9543457e+01   2.3627125e-11
   1.9555664e+01   2.6961910e-11
   1.9567871e+01   2.9188550e-11
   1.9580078e+01   2.4611627e-11
   1.9592285e+01   2.8506708e-11
   1.9604492e+01   2.9380768e-11
   1.9616699e+01   2.9972190e-11
   1.9628906e+01   3.4143653e-11
   1.9641113e+01   3.5251321e-11
   1.9653320e+01   3.7631604e-11
   1.9665527e+01   3.3024448e-11
   1.9677734e+01   2.2891320e-11
   1.9689941e+01   2.2185948e-11
   1.9702148e+01   2.3486173e-11
   1.9714355e+01   2.0665468e-11
   1.9726562e+01   2.2014382e-11
   1.9738770e+01   2.0199112e-11
   1.9750977e+01   2.9014607e-11
   1.9763184e+01   3.1384636e-11
   1.9775391e+01   2.6423878e-11
   1.9787598e+01   2.8442662e-11
   1.9799805e+01   2.4241634e-11
   1.9812012e+01   1.9603917e-11
   1.9824219e+01   1.9302268e-11
   1.9836426e+01   2.3086210e-11
   1.9848633e+01   2.5732547e-11
   1.9860840e+01   2.1853403e-11
   1.9873047e+01   1.5057982e-11
   1.9885254e+01   1.7212528e-11
   1.9897461e+01   2.1556130e-11
   1.9909668e+01   2.8793479e-11
   1.9921875e+01   2.7834490e-11
   1.9934082e+01   1.9108999e-11
   1.9946289e+01   2.1952436e-11
   1.9958496e+01   2.5920086e-11
   1.9970703e+01   2.4413903e-11
   1.9982910e+01   1.9223011e-11
   1.9995117e+01   1.6251852e-11
   2.0007324e+01   1.6570499e-11
   2.0019531e+01   2.3009401e-11
   2.0031738e+01   3.1943421e-11
   2.0043945e+01   3.2020605e-11
   2.0056152e+01   2.0183254e-11
   2.0068359e+01   2.0154769e-11
   2.0080566e+01   3.0323175e-11
   2.0092773e+01   3.4467140e-11
   2.0104980e+01   3.4510055e-11
   2.0117188e+01   3.1357176e-11
   2.0129395e+01   3.2094282e-11
   2.0141602e+01   3.1590369e-11
   2.0153809e+01   2.5020421e-11
   2.0166016e+01   2.9381882e-11
   2.0178223e+01   2.6868364e-11
   2.0190430e+01   1.9100167e-11
   2.0202637e+01   2.0001811e-11
   2.0214844e+01   2.3894572e-11
   2.0227051e+01   3.5384746e-11
   2.0239258e+01   3.4036840e-11
   2.0251465e+01   3.2256992e-11
   2.0263672e+01   3.4771802e-11
   2.0275879e+01   2.3798504e-11
   2.0288086e+01   1.7700111e-11
   2.0300293e+01   2.3510971e-11
   2.0312500e+01   3.0105869e-11
   2.0324707e+01   2.6609128e-11
   2.0336914e+01   1.8315227e-11
   2.0349121e+01   1.6005629e-11
   2.0361328e+01   1.5271056e-11
   2.0373535e+01   1.3987434e-11
   2.0385742e+01   2.4748596e-11
   2.0397949e+01   3.5710715e-11
   2.0410156e+01   2.9475941e-11
   2.0422363e+01   3.9482873e-11
   2.0434570e+01   4.0481114e-11
   2.0446777e+01   2.0854646e-11
   2.0458984e+01   1.5603627e-11
   2.0471191e+01   1.9994147e-11
   2.0483398e+01   2.3029030e-11
   2.0495605e+01   2.4550271e-11
   2.0507812e+01   1.8121675e-11
   2.0520020e+01   1.2424020e-11
   2.0532227e+01   1.2842031e-11
   2.0544434e+01   1.8154768e-11
   2.0556641e+01   2.1637439e-11
   2.0568848e+01   2.8721001e-11
   2.0581055e+01   3.1918569e-11
   2.0593262e+01   2.0433477e-11
   2.0605469e+01   1.8656075e-11
   2.0617676e+01   1.7352330e-11
   2.0629883e+01   2.3789641e-11
   2.0642090e+01   2.4667799e-11
   2.0654297e+01   1.4846991e-11
   2.0666504e+01   1.9517109e-11
   2.0678711e+01   4.0351488e-11
   2.0690918e+01   3.7452812e-11
   2.0703125e+01   2.3458707e-11
   2.0715332e+01   2.4289337e-11
   2.0727539e+01   2.1763728e-11
   2.0739746e+01   1.4877924e-11
   2.0751953e+01   1.1201125e-11
   2.0764160e+01   1.5364713e-11
   2.0776367e+01   1.9388178e-11
   2.0788574e+01   2.4641923e-11
   2.0800781e+01   3.1921352e-11
   2.0812988e+01   2.9887151e-11
   2.0825195e+01   2.3284692e-11
   2.0837402e+01   1.9645374e-11
   2.0849609e+01   1.8988678e-11
   2.0861816e+01   1.3508678e-11
   2.0874023e+01   1.1639023e-11
   2.0886230e+01   2.0826382e-11
   2.0898438e+01   2.7694581e-11
   2.0910645e+01   3.0347395e-11
   2.0922852e+01   2.8715022e-11
   2.0935059e+01   2.6050175e-11
   2.0947266e+01   1.8971885e-11
   2.0959473e+01   1.6854626e-11
   2.0971680e+01   2.3253812e-11
   2.0983887e+01   2.2269316e-11
   2.0996094e+01   1.9504672e-11
   2.1008301e+01   2.1862637e-11
   2.1020508e+01   2.1763961e-11
   2.1032715e+01   1.4807749e-11
   2.1044922e+01   1.5482024e-11
   2.1057129e+01   2.0217635e-11
   2.1069336e+01   2.7631213e-11
   2.1081543e+01   3.1727482e-11
   2.1093750e+01   2.3291079e-11
   2.1105957e+01   1.4423824e-11
   2.1118164e+01   1.0336197e-11
   2.1130371e+01   1.5016238e-11
   2.1142578e+01   1.8959091e-11
   2.1154785e+01   1.7102972e-11
   2.1166992e+01   2.7979053e-11
   2.1179199e+01   3.0905262e-11
   2.1191406e+01   2.2677501e-11
   2.1203613e+01   2.3443887e-11
   2.1215820e+01   3.1728251e-11
   2.1228027e+01   3.7698628e-11
   2.1240234e+01   2.6591352e-11
   2.1252441e+01   2.7700280e-11
   2.1264648e+01   2.9073369e-11
   2.1276855e+01   2.1168523e-11
   2.1289062e+01   1.6237332e-11
   2.1301270e+01   1.7469418e-11
   2.1313477e+01   2.1725367e-11
   2.1325684e+01   2.6296893e-11
   2.1337891e+01   2.7800828e-11
   2.1350098e+01   2.5254967e-11
   2.1362305e+01   2.4374590e-11
   2.1374512e+01   2.5790976e-11
   2.1386719e+01   2.8863582e-11
   2.1398926e+01   2.6981805e-11
   2.1411133e+01   2.2062843e-11
   2.1423340e+01   2.1588569e-11
   2.1435547e+01   2.4002828e-11
   2.1447754e+01   2.4451655e-11
   2.1459961e+01   2.6521421e-11
   2.1472168e+01   2.5965208e-11
   2.1484375e+01   2.5133340e-11
   2.1496582e+01   1.8095363e-11
   2.1508789e+01   1.8059425e-11
   2.1520996e+01   1.8837131e-11
   2.1533203e+01   1.5845137e-11
   2.1545410e+01   1.3024574e-11
   2.1557617e+01   1.2487566e-11
   2.1569824e+01   1.5549540e-11
   2.1582031e+01   1.4917615e-11
   2.1594238e+01   1.4995722e-11
   2.1606445e+01   1.6888753e-11
   2.1618652e+01   1.9708158e-11
   2.1630859e+01   2.2639926e-11
   2.1643066e+01   2.1605332e-11
   2.1655273e+01   2.2888537e-11
   2.1667480e+01   1.8920254e-11
   2.1679688e+01   1.4938801e-11
   2.1691895e+01   3.0069773e-11
   2.1704102e+01   2.7580968e-11
   2.1716309e+01   2.0078381e-11
   2.1728516e+01   2.3472575e-11
   2.1740723e+01   3.2772269e-11
   2.1752930e+01   2.6126634e-11
   2.1765137e+01   1.5713112e-11
   2.1777344e+01   1.3684804e-11
   2.1789551e+01   1.4581129e-11
   2.1801758e+01   2.0941915e-11
   2.1813965e+01   2.7158156e-11
   2.1826172e+01   2.7104831e-11
   2.1838379e+01   2.7064957e-11
   2.1850586e+01   2.4546085e-11
   2.1862793e+01   2.0167955e-11
   2.1875000e+01   1.3500217e-11
   2.1887207e+01   1.1243485e-11
   2.1899414e+01   1.2804206e-11
   2.1911621e+01   1.4390037e-11
   2.1923828e+01   1.9327322e-11
   2.1936035e+01   2.4052708e-11
   2.1948242e+01   1.7016033e-11
   2.1960449e+01   1.2972612e-11
   2.1972656e+01   2.1640712e-11
   2.1984863e+01   2.9938738e-11
   2.1997070e+01   2.9651273e-11
   2.2009277e+01   3.3408970e-11
   2.2021484e+01   3.3646160e-11
   2.2033691e+01   2.4673095e-11
   2.2045898e+01   1.7361210e-11
   2.2058105e+01   3.1354358e-11
   2.2070312e+01   2.6427864e-11
   2.2082520e+01   2.5942818e-11
   2.2094727e+01   3.1966096e-11
   2.2106934e+01   2.3689597e-11
   2.2119141e+01   2.0119181e-11
   2.2131348e+01   1.7343837e-11
   2.2143555e+01   1.4783098e-11
   2.2155762e+01   1.7049043e-11
   2.2167969e+01   2.1585665e-11
   2.2180176e+01   2.3623770e-11
   2.2192383e+01   2.2362812e-11
   2.2204590e+01   1.5643819e-11
   2.2216797e+01   1.3574787e-11
   2.2229004e+01   1.7449605e-11
   2.2241211e+01   1.7602887e-11
   2.2253418e+01   1.3362315e-11
   2.2265625e+01   1.6966483e-11
   2.2277832e+01   1.5137957e-11
   2.2290039e+01   2.1694573e-11
   2.2302246e+01   3.5744946e-11
   2.2314453e+01   2.6523145e-11
   2.2326660e+01   1.7719704e-11
   2.2338867e+01   1.7832663e-11
   2.2351074e+01   1.9951425e-11
   2.2363281e+01   2.5606800e-11
   2.2375488e+01   2.5099637e-11
   2.2387695e+01   2.1122850e-11
   2.2399902e+01   1.8815095e-11
   2.2412109e+01   1.6107998e-11
   2.2424316e+01   2.1903605e-11
   2.2436523e+01   2.2652861e-11
   2.2448730e+01   2.0811747e-11
   2.2460938e+01   2.1905217e-11
   2.2473145e+01   2.6049074e-11
   2.2485352e+01   2.0726317e-11
   2.2497559e+01   2.3408275e-11
   2.2509766e+01   2.0372418e-11
   2.2521973e+01   1.2501975e-11
   2.2534180e+01   1.7609422e-11
   2.2546387e+01   3.2304851e-11
   2.2558594e+01   3.1818811e-11
   2.2570801e+01   2.4686452e-11
   2.2583008e+01   2.6649825e-11
   2.2595215e+01   3.1901695e-11
   2.2607422e+01   2.3051699e-11
   2.2619629e+01   1.8777671e-11
   2.2631836e+01   2.0324257e-11
   2.2644043e+01   1.7921672e-11
   2.2656250e+01   1.5991023e-11
   2.2668457e+01   2.1250369e-11
   2.2680664e+01   2.0403505e-11
   2.2692871e+01   2.4682373e-11
   2.2705078e+01   3.3642814e-11
   2.2717285e+01   3.3722573e-11
   2.2729492e+01   3.2553571e-11
   2.2741699e+01   3.2532482e-11
   2.2753906e+01   2.7734402e-11
   2.2766113e+01   2.5670134e-11
   2.2778320e+01   2.8554751e-11
   2.2790527e+01   3.3181509e-11
   2.2802734e+01   2.8102852e-11
   2.2814941e+01   1.9713911e-11
   2.2827148e+01   2.2103031e-11
   2.2839355e+01   1.5705804e-11
   2.2851562e+01   1.4922367e-11
   2.2863770e+01   2.7702007e-11
   2.2875977e+01   3.3536428e-11
   2.2888184e+01   2.7326866e-11
   2.2900391e+01   2.8427483e-11
   2.2912598e+01   3.0084140e-11
   2.2924805e+01   1.9578386e-11
   2.2937012e+01   1.1270867e-11
   2.2949219e+01   1.1582316e-11
   2.2961426e+01   1.2916165e-11
   2.2973633e+01   1.3600543e-11
   2.2985840e+01   1.4244344e-11
   2.2998047e+01   1.2379458e-11
   2.3010254e+01   1.3573373e-11
   2.3022461e+01   2.2524962e-11
   2.3034668e+01   1.7484644e-11
   2.3046875e+01   7.1814724e-12
   2.3059082e+01   8.3863422e-12
   2.3071289e+01   1.6726843e-11
   2.3083496e+01   2.3488451e-11
   2.3095703e+01   2.6520540e-11
   2.3107910e+01   3.8804290e-11
   2.3120117e+01   4.1233190e-11
   2.3132324e+01   2.5496994e-11
   2.3144531e+01   2.7411763e-11
   2.3156738e+01   3.0186801e-11
   2.3168945e+01   2.3984126e-11
   2.3181152e+01   2.0638818e-11
   2.3193359e+01   1.9118380e-11
   2.3205566e+01   1.5161131e-11
   2.3217773e+01   1.2372207e-11
   2.3229980e+01   1.4007511e-11
   2.3242188e+01   1.8798969e-11
   2.3254395e+01   2.6805029e-11
   2.3266602e+01   2.9244870e-11
   2.3278809e+01   2.6307576e-11
   2.3291016e+01   2.7290501e-11
   2.3303223e+01   2.9466651e-11
   2.3315430e+01   2.2786824e-11
   2.3327637e+01   1.7070774e-11
   2.3339844e+01   1.3523139e-11
   2.3352051e+01   1.3093455e-11
   2.3364258e+01   1.3398367e-11
   2.3376465e+01   1.2313891e-11
   2.3388672e+01   1.7059353e-11
   2.3400879e+01   2.2790621e-11
   2.3413086e+01   1.9098973e-11
   2.3425293e+01   1.9463008e-11
   2.3437500e+01   2.1762653e-11
   2.3449707e+01   2.0954373e-11
   2.3461914e+01   1.3406590e-11
   2.3474121e+01   1.5430769e-11
   2.3486328e+01   1.6530243e-11
   2.3498535e+01   1.3064510e-11
   2.3510742e+01   1.2189754e-11
   2.3522949e+01   1.6521412e-11
   2.3535156e+01   1.8840447e-11
   2.3547363e+01   1.7449422e-11
   2.3559570e+01   1.9271882e-11
   2.3571777e+01   1.9794760e-11
   2.3583984e+01   1.7754159e-11
   2.3596191e+01   1.5961101e-11
   2.3608398e+01   1.2079420e-11
   2.3620605e+01   1.6142948e-11
   2.3632812e+01   2.0801403e-11
   2.3645020e+01   1.7119167e-11
   2.3657227e+01   2.3854215e-11
   2.3669434e+01   3.3294505e-11
   2.3681641e+01   2.9095433e-11
   2.3693848e+01   1.6334910e-11
   2.3706055e+01   1.5307962e-11
   2.3718262e+01   2.3621198e-11
   2.3730469e+01   2.3587342e-11
   2.3742676e+01   1.5596928e-11
   2.3754883e+01   1.8095813e-11
   2.3767090e+01   1.4302081e-11
   2.3779297e+01   1.3974822e-11
   2.3791504e+01   1.7302812e-11
   2.3803711e+01   1.9786030e-11
   2.3815918e+01   2.3603570e-11
   2.3828125e+01   2.3268007e-11
   2.3840332e+01   2.1689362e-11
   2.3852539e+01   2.6682534e-11
   2.3864746e+01   1.8933405e-11
   2.3876953e+01   1.4922167e-11
   2.3889160e+01   1.8280227e-11
   2.3901367e+01   1.7953248e-11
   2.3913574e+01   2.0351589e-11
   2.3925781e+01   2.2638939e-11
   2.3937988e+01   1.8969180e-11
   2.3950195e+01   9.7663346e-12
   2.3962402e+01   1.4339350e-11
   2.3974609e+01   2.2215778e-11
   2.3986816e+01   1.9232761e-11
   2.3999023e+01   1.6472123e-11
   2.4011230e+01   1.7902647e-11
   2.4023438e+01   1.9284821e-11
   2.4035645e+01   1.8684514e-11
   2.4047852e+01   2.3858880e-11
   2.4060059e+01   3.4092230e-11
   2.4072266e+01   3.3813991e-11
   2.4084473e+01   2.1936073e-11
   2.4096680e+01   1.8130035e-11
   2.4108887e+01   2.2069490e-11
   2.4121094e+01   1.8491311e-11
   2.4133301e+01   1.4841608e-11
   2.4145508e+01   1.2994096e-11
   2.4157715e+01   1.4662554e-11
   2.4169922e+01   1.8938910e-11
   2.4182129e+01   2.0860068e-11
   2.4194336e+01   1.5330271e-11
   2.4206543e+01   1.4064566e-11
   2.4218750e+01   1.7172463e-11
   2.4230957e+01   1.8856167e-11
   2.4243164e+01   2.0652795e-11
   2.4255371e+01   1.6354713e-11
   2.4267578e+01   1.2967734e-11
   2.4279785e+01   2.3899582e-11
   2.4291992e+01   2.3175113e-11
   2.4304199e+01   1.1823053e-11
   2.4316406e+01   1.1520201e-11
   2.4328613e+01   1.5021700e-11
   2.4340820e+01   1.5766578e-11
   2.4353027e+01   2.2613360e-11
   2.4365234e+01   2.7202344e-11
   2.4377441e+01   1.8921638e-11
   2.4389648e+01   2.0425577e-11
   2.4401855e+01   3.0851612e-11
   2.4414062e+01   3.0535683e-11
   2.4426270e+01   2.2569234e-11
   2.4438477e+01   1.3445110e-11
   2.4450684e+01   9.6948424e-12
   2.4462891e+01   1.1924095e-11
   2.4475098e+01   1.5338026e-11
   2.4487305e+01   1.6362730e-11
   2.4499512e+01   1.7754390e-11
   2.4511719e+01   2.4578557e-11
   2.4523926e+01   3.1248333e-11
   2.4536133e+01   2.7264994e-11
   2.4548340e+01   2.1256969e-11
   2.4560547e+01   1.6121008e-11
   2.4572754e+01   1.5324705e-11
   2.4584961e+01   2.3948749e-11
   2.4597168e+01   2.3918962e-11
   2.4609375e+01   1.6938366e-11
   2.4621582e+01   1.2611752e-11
   2.4633789e+01   1.5488365e-11
   2.4645996e+01   2.2922758e-11
   2.4658203e+01   1.9509282e-11
   2.4670410e+01   1.4775449e-11
   2.4682617e+01   1.2024023e-11
   2.4694824e+01   1.9868523e-11
   2.4707031e+01   2.6926483e-11
   2.4719238e+01   2.3672289e-11
   2.4731445e+01   2.7927707e-11
   2.4743652e+01   3.0074421e-11
   2.4755859e+01   3.1730318e-11
   2.4768066e+01   3.0229601e-11
   2.4780273e+01   2.8731160e-11
   2.4792480e+01   2.6742381e-11
   2.4804688e+01   2.7210449e-11
   2.4816895e+01   2.5496453e-11
   2.4829102e+01   2.3830490e-11
   2.4841309e+01   2.0777831e-11
   2.4853516e+01   1.8679800e-11
   2.4865723e+01   2.3278185e-11
   2.4877930e+01   2.2122456e-11
   2.4890137e+01   1.5007325e-11
   2.4902344e+01   1.4249327e-11
   2.4914551e+01   1.0217164e-11
   2.4926758e+01   1.0767366e-11
   2.4938965e+01   2.5237523e-11
   2.4951172e+01   2.2993860e-11
   2.4963379e+01   1.7047544e-11
   2.4975586e+01   1.6153016e-11
   2.4987793e+01   2.7323179e-11
   2.5000000e+01   9.2672538e-12
